date,HK_airport_entry,CN_airport_entry,global_airport_entry,airport_entry,HK_airport_departure,CN_airport_departure,global_airport_departure,airport_departure
2019-04-04,29331,15048,32239,76618,48963,11905,21276,82144
2019-04-05,26473,15022,28019,69514,36156,10175,21923,68254
2019-04-06,33868,11514,25451,70833,26966,12658,25204,64828
2019-04-07,51416,13499,22178,87093,29332,16547,33015,78894
2019-04-18,37783,12809,27943,78535,80346,6535,17371,104252
2019-04-19,32979,12242,30750,75971,73456,7406,21236,102098
2019-04-20,43572,12896,25898,82366,44172,10732,28831,83735
2019-04-21,59308,11766,23072,94146,39595,12921,34322,86838
2019-04-22,82658,7251,17195,107104,45399,9743,28011,83153
2019-04-30,35253,18469,25397,79119,25858,23605,27297,76760
2019-05-01,35782,20271,28085,84138,31266,20266,27935,79467
2019-05-02,25793,18458,27307,71558,24758,12761,24278,61797
2019-05-03,21716,19456,27771,68943,27917,15539,26252,69708
2019-05-04,23936,27260,25096,76292,25189,19613,28495,73297
2019-05-05,34679,24310,23717,82706,26117,15943,33975,76035
2019-05-11,27788,13946,22122,63856,48047,11291,21425,80763
2019-05-12,33832,12382,19602,65816,37741,15363,26262,79366
2019-05-13,57982,11824,19576,89382,34117,12504,21855,68476
2019-06-07,29192,16494,27712,73398,44046,10497,21641,76184
2019-06-08,36398,12210,22462,71070,30589,11664,25156,67409
2019-06-09,56811,14388,20219,91418,30351,16966,34586,81903
2019-06-29,37398,17109,23204,77711,54954,11744,19899,86597
2019-06-30,43250,15320,18794,77364,44710,15450,24963,85123
2019-07-01,59866,12074,16728,88668,37017,11836,22266,71119
2019-09-12,30117,7169,15287,52573,31514,7130,13718,52362
2019-09-13,23125,6705,14182,44012,35807,4900,12628,53335
2019-09-14,20395,4664,12938,37997,32003,4499,11644,48146
2019-09-15,37821,8445,17401,63667,30257,7053,15846,53156
2019-09-28,30377,8744,10799,49920,41178,13316,15073,69567
2019-09-29,34954,7386,8907,51247,27268,13238,16694,57200
2019-09-30,36897,9642,10027,56566,22038,23249,14243,59530
2019-10-01,43552,8315,8491,60358,18262,25924,11451,55637
2019-10-02,33408,9835,12548,55791,21346,16219,10210,47775
2019-10-03,23436,12830,15228,51494,27518,9663,10216,47397
2019-10-04,23810,16666,14272,54748,47974,7796,10211,65981
2019-10-05,24119,20943,13675,58737,45474,8553,10611,64638
2019-10-06,26678,28942,13253,68873,33739,10036,12880,56655
2019-10-07,46464,29626,12379,88469,28561,8097,10192,46850
2019-12-21,34643,8904,17560,61107,71827,4102,11322,87251
2019-12-22,37576,7477,16617,61670,60705,5050,13283,79038
2019-12-23,33497,7607,18021,59125,56357,4638,13002,73997
2019-12-24,31465,5541,17399,54405,61634,3685,9656,74975
2019-12-25,36967,4956,18860,60783,58138,3320,10775,72233
2019-12-26,47191,4930,18714,70835,44335,3702,15898,63935
2019-12-27,45092,5647,18949,69688,49396,4516,14751,68663
2019-12-28,52705,5088,20784,78577,39197,5306,15715,60218
2019-12-29,68857,4043,15071,87971,34214,5197,18618,58029
2019-12-30,58966,4999,18078,82043,27989,4963,17085,50037
2019-12-31,58757,4109,14087,76953,26654,5183,14984,46821
2020-01-01,66624,3733,11409,81766,28618,4677,19370,52665
2020-01-24,20724,9124,14116,43964,74876,4451,7242,86569
2020-01-25,14907,8489,10953,34349,58711,5326,7335,71372
2020-01-26,22646,10955,7522,41123,47580,7870,8813,64263
2020-01-27,36215,10309,6764,53288,41316,8203,11319,60838
2020-01-28,54491,7187,5422,67100,41100,8306,12151,61557
2020-01-29,50292,9196,5871,65359,33880,7550,10514,51944
2020-01-30,46214,9907,5530,61651,31072,7122,9882,48076
2020-01-31,49093,7817,5089,61999,28231,5737,7599,41567
2020-02-01,55976,5703,4567,66246,28798,5072,8046,41916
2020-02-02,59083,4649,3762,67494,25570,4360,6898,36828
2020-02-03,41208,6996,3846,52050,21704,3596,5428,30728
2020-02-04,31173,6317,3647,41137,20187,3550,4471,28208
2020-02-05,24832,6041,3592,34465,22297,2591,4404,29292
2020-02-06,21261,5728,3478,30467,22252,2512,4222,28986
2020-02-07,19694,5563,3556,28813,21417,2735,4012,28164
2020-02-08,17956,943,3070,21969,20163,1127,3253,24543
2020-02-09,22077,913,2591,25581,17782,971,3200,21953
2020-02-10,17139,766,2037,19942,15550,535,3219,19304
2020-02-11,14663,647,2107,17417,12645,481,2556,15682
2020-02-12,14221,619,1725,16565,13637,471,2358,16466
2020-02-13,11620,638,1938,14196,15259,453,2150,17862
2020-02-14,11246,584,2015,13845,15770,477,2012,18259
2020-02-15,14097,692,2098,16887,14575,390,2064,17029
2020-02-16,18422,650,1848,20920,12257,349,2524,15130
2020-02-17,13748,532,1876,16156,10210,212,2018,12440
2020-02-18,12068,479,1862,14409,8900,266,1722,10888
2020-02-19,10612,462,1789,12863,10048,214,1582,11844
2020-02-20,10398,525,1730,12653,11622,280,1944,13846
2020-02-21,9821,539,2007,12367,12942,356,1749,15047
2020-02-22,11096,530,2030,13656,10534,247,1888,12669
2020-02-23,15891,537,2009,18437,9225,296,2141,11662
2020-02-24,12267,451,1792,14510,8041,231,1919,10191
2020-02-25,10734,414,1471,12619,7458,181,1574,9213
2020-02-26,9882,410,1484,11776,7629,212,1521,9362
2020-02-27,9177,512,1780,11469,9051,168,1501,10720
2020-02-28,9205,369,1767,11341,10755,255,1747,12757
2020-02-29,11818,870,1893,14581,9860,230,1688,11778
2020-03-01,14584,1122,2461,18167,9115,354,1850,11319
2020-03-02,10261,732,1935,12928,6755,206,1314,8275
2020-03-03,7960,734,1923,10617,6684,190,1349,8223
2020-03-04,7590,772,1847,10209,7170,213,1123,8506
2020-03-05,7074,673,1749,9496,8141,190,1289,9620
2020-03-06,7474,705,1877,10056,8746,215,1150,10111
2020-03-07,8659,795,1919,11373,7316,216,1398,8930
2020-03-08,12538,730,1833,15101,6371,276,1376,8023
2020-03-09,8304,706,1623,10633,4721,139,970,5830
2020-03-10,7051,663,1531,9245,3802,142,914,4858
2020-03-11,7610,838,1539,9987,3443,205,841,4489
2020-03-12,6416,944,1426,8786,4050,152,995,5197
2020-03-13,6758,1075,1401,9234,4435,269,1044,5748
2020-03-14,7513,1435,1587,10535,3764,214,996,4974
2020-03-15,10027,1558,1950,13535,2516,315,863,3694
2020-03-16,8498,1662,2038,12198,2117,382,896,3395
2020-03-17,7472,1702,1272,10446,1483,339,666,2488
2020-03-18,9616,2027,1309,12952,1041,337,615,1993
2020-03-19,6138,37,596,6771,1110,160,519,1789
2020-03-20,6427,44,603,7074,1190,54,445,1689
2020-03-21,6547,43,526,7116,844,39,320,1203
2020-03-22,5596,33,566,6195,659,49,228,936
2020-03-23,4536,30,529,5095,514,34,208,756
2020-03-24,3488,73,855,4416,577,21,260,858
2020-03-25,4053,6,158,4217,629,21,236,886
2020-03-26,3303,6,126,3435,436,20,138,594
2020-03-27,2903,4,178,3085,1030,46,238,1314
2020-03-28,3744,7,175,3926,691,51,162,904
2020-03-29,2616,6,215,2837,301,25,77,403
2020-03-30,1924,7,138,2069,346,10,92,448
2020-03-31,1406,9,119,1534,569,20,142,731
2020-04-01,1144,5,34,1183,526,36,86,648
2020-04-02,662,4,9,675,269,21,59,349
2020-04-03,979,6,24,1009,610,38,87,735
2020-04-04,812,3,15,830,403,20,51,474
2020-04-05,806,0,7,813,284,10,71,365
2020-04-06,833,2,13,848,185,13,43,241
2020-04-07,347,4,16,367,217,14,43,274
2020-04-08,835,6,24,865,361,14,59,434
2020-04-09,439,0,17,456,189,3,39,231
2020-04-10,811,9,39,859,503,20,74,597
2020-04-11,220,0,8,228,195,4,33,232
2020-04-12,544,4,24,572,352,30,54,436
2020-04-13,395,1,18,414,71,6,28,105
2020-04-14,430,7,10,447,150,10,50,210
2020-04-15,481,2,16,499,331,12,60,403
2020-04-16,397,1,19,417,147,15,24,186
2020-04-17,820,6,20,846,507,15,80,602
2020-04-18,373,9,14,396,336,19,67,422
2020-04-19,452,2,13,467,273,2,44,319
2020-04-20,460,6,20,486,190,26,25,241
2020-04-21,324,3,22,349,86,3,28,117
2020-04-22,561,2,29,592,243,6,57,306
2020-04-23,241,2,19,262,179,13,59,251
2020-04-24,817,0,26,843,374,5,63,442
2020-04-25,378,7,20,405,241,13,41,295
2020-04-26,421,1,20,442,333,18,35,386
2020-04-27,411,2,10,423,125,1,22,148
2020-04-28,464,0,64,528,160,1,50,211
2020-04-29,814,4,15,833,341,6,44,391
2020-04-30,747,5,48,800,254,17,31,302
2020-05-01,837,4,24,865,533,6,98,637
2020-05-02,452,6,39,497,352,4,72,428
2020-05-03,713,1,26,740,212,6,44,262
2020-05-04,770,10,19,799,251,4,161,416
2020-05-05,372,3,11,386,138,2,24,164
2020-05-06,496,4,13,513,313,9,30,352
2020-05-07,301,5,5,311,143,3,8,154
2020-05-08,1249,13,35,1297,371,9,49,429
2020-05-09,560,6,63,629,260,14,28,302
2020-05-10,923,7,41,971,254,7,42,303
2020-05-11,797,7,30,834,195,8,25,228
2020-05-12,452,5,33,490,146,7,34,187
2020-05-13,600,13,24,637,368,10,77,455
2020-05-14,597,3,32,632,187,2,41,230
2020-05-15,939,3,31,973,251,3,60,314
2020-05-16,891,13,149,1053,337,5,77,419
2020-05-17,873,6,55,934,221,7,61,289
2020-05-18,997,6,39,1042,261,9,62,332
2020-05-19,385,0,14,399,144,2,18,164
2020-05-20,787,5,20,812,230,8,26,264
2020-05-21,474,8,30,512,147,8,32,187
2020-05-22,1089,7,31,1127,336,4,55,395
2020-05-23,534,5,102,641,202,12,35,249
2020-05-24,1048,10,38,1096,237,9,40,286
2020-05-25,673,6,46,725,156,4,23,183
2020-05-26,543,2,37,582,252,3,53,308
2020-05-27,485,4,21,510,331,9,149,489
2020-05-28,661,2,29,692,195,7,71,273
2020-05-29,923,4,22,949,264,2,65,331
2020-05-30,599,7,35,641,414,7,48,469
2020-05-31,839,8,41,888,191,4,38,233
2020-06-01,760,9,61,830,253,1,40,294
2020-06-02,1150,4,52,1206,367,2,110,479
2020-06-03,918,5,40,963,404,12,120,536
2020-06-04,952,6,36,994,440,5,80,525
2020-06-05,1073,4,42,1119,633,10,78,721
2020-06-06,527,7,46,580,390,22,186,598
2020-06-07,1083,3,44,1130,520,9,120,649
2020-06-08,786,14,102,902,235,17,44,296
2020-06-09,559,12,30,601,374,22,44,440
2020-06-10,570,3,15,588,330,15,199,544
2020-06-11,626,4,19,649,341,10,36,387
2020-06-12,1082,7,72,1161,482,5,92,579
2020-06-13,732,4,54,790,331,14,62,407
2020-06-14,970,3,50,1023,550,16,80,646
2020-06-15,877,7,75,959,280,12,58,350
2020-06-16,928,4,42,974,477,19,51,547
2020-06-17,846,11,40,897,243,8,35,286
2020-06-18,708,0,34,742,438,6,95,539
2020-06-19,1022,2,86,1110,641,5,180,826
2020-06-20,972,12,54,1038,392,5,51,448
2020-06-21,1385,5,71,1461,742,27,78,847
2020-06-22,592,7,64,663,211,4,36,251
2020-06-23,1179,9,34,1222,429,18,54,501
2020-06-24,738,3,55,796,547,6,44,597
2020-06-25,815,2,46,863,716,11,68,795
2020-06-26,1077,8,57,1142,640,13,85,738
2020-06-27,1024,1,53,1078,625,15,138,778
2020-06-28,928,5,69,1002,874,1,103,978
2020-06-29,554,5,34,593,336,4,108,448
2020-06-30,1221,7,82,1310,730,5,62,797
2020-07-01,682,3,58,743,1022,20,82,1124
2020-07-02,1017,5,75,1097,880,23,60,963
2020-07-03,1145,7,71,1223,1054,17,87,1158
2020-07-04,1068,13,57,1138,809,9,133,951
2020-07-05,1276,6,48,1330,994,14,151,1159
2020-07-06,843,4,46,893,312,2,110,424
2020-07-07,1044,8,36,1088,819,18,81,918
2020-07-08,1091,11,76,1178,774,5,197,976
2020-07-09,661,9,44,714,727,21,84,832
2020-07-10,1298,2,105,1405,852,29,96,977
2020-07-11,1248,13,75,1336,791,19,92,902
2020-07-12,1105,10,79,1194,1114,61,109,1284
2020-07-13,731,9,55,795,326,30,62,418
2020-07-14,768,8,55,831,1082,66,84,1232
2020-07-15,1035,3,58,1096,880,20,74,974
2020-07-16,516,3,28,547,706,24,36,766
2020-07-17,1073,7,82,1162,1209,51,72,1332
2020-07-18,693,12,45,750,1074,65,69,1208
2020-07-19,912,2,42,956,1428,73,109,1610
2020-07-20,605,2,27,634,794,41,113,948
2020-07-21,728,3,49,780,1501,95,72,1668
2020-07-22,1089,3,47,1139,1064,41,68,1173
2020-07-23,453,5,11,469,1165,32,195,1392
2020-07-24,1069,5,42,1116,1386,56,101,1543
2020-07-25,577,6,21,604,1280,68,55,1403
2020-07-26,759,4,49,812,1653,85,73,1811
2020-07-27,517,5,25,547,575,33,42,650
2020-07-28,869,10,47,926,1379,62,84,1525
2020-07-29,333,0,23,356,1143,28,53,1224
2020-07-30,250,3,20,273,779,23,36,838
2020-07-31,568,3,65,636,1681,57,98,1836
2020-08-01,571,5,11,587,1800,80,82,1962
2020-08-02,674,3,46,723,1663,59,96,1818
2020-08-03,416,2,14,432,883,24,112,1019
2020-08-04,693,3,34,730,1440,61,91,1592
2020-08-05,683,3,40,726,857,27,42,926
2020-08-06,373,3,20,396,1195,32,99,1326
2020-08-07,672,5,46,723,1312,32,117,1461
2020-08-08,646,5,22,673,1594,65,56,1715
2020-08-09,621,10,28,659,1522,47,84,1653
2020-08-10,528,10,22,560,749,19,78,846
2020-08-11,798,2,33,833,988,23,57,1068
2020-08-12,388,7,21,416,922,24,43,989
2020-08-13,532,2,16,550,1179,15,61,1255
2020-08-14,793,3,49,845,1565,23,88,1676
2020-08-15,745,5,39,789,1636,44,195,1875
2020-08-16,786,11,21,818,1595,35,74,1704
2020-08-17,690,6,22,718,913,15,32,960
2020-08-18,435,0,14,449,1253,19,48,1320
2020-08-19,501,1,21,523,870,10,33,913
2020-08-20,712,1,29,742,1260,6,54,1320
2020-08-21,722,10,25,757,1681,27,184,1892
2020-08-22,570,1,12,583,1530,26,48,1604
2020-08-23,865,10,48,923,1790,27,60,1877
2020-08-24,611,8,9,628,1045,22,81,1148
2020-08-25,433,9,10,452,1498,19,91,1608
2020-08-26,588,2,30,620,1002,10,56,1068
2020-08-27,628,4,13,645,1292,3,49,1344
2020-08-28,795,9,35,839,1624,13,82,1719
2020-08-29,805,4,17,826,1912,42,224,2178
2020-08-30,1031,9,32,1072,1645,10,57,1712
2020-08-31,616,2,14,632,1921,6,40,1967
2020-09-01,545,4,22,571,1956,18,57,2031
2020-09-02,735,6,37,778,1647,26,40,1713
2020-09-03,622,4,15,641,1466,12,28,1506
2020-09-04,1231,5,32,1268,1377,16,41,1434
2020-09-05,1046,11,28,1085,1900,40,70,2010
2020-09-06,1093,5,51,1149,1633,31,69,1733
2020-09-07,614,5,19,638,1242,5,39,1286
2020-09-08,1030,9,45,1084,1378,27,46,1451
2020-09-09,916,9,24,949,1181,18,115,1314
2020-09-10,688,4,15,707,1199,11,37,1247
2020-09-11,1166,7,44,1217,1430,9,56,1495
2020-09-12,959,15,39,1013,1457,40,46,1543
2020-09-13,1351,9,49,1409,1426,29,60,1515
2020-09-14,656,4,26,686,866,8,38,912
2020-09-15,754,7,40,801,1340,18,64,1422
2020-09-16,799,10,30,839,1065,17,47,1129
2020-09-17,650,5,21,676,1276,6,42,1324
2020-09-18,822,4,41,867,1336,5,41,1382
2020-09-19,1306,11,31,1348,1544,25,36,1605
2020-09-20,1171,9,43,1223,1292,21,48,1361
2020-09-21,740,1,17,758,1110,5,23,1138
2020-09-22,740,2,21,763,1109,22,57,1188
2020-09-23,884,1,39,924,891,11,60,962
2020-09-24,604,3,14,621,1255,6,37,1298
2020-09-25,885,3,42,930,1358,13,51,1422
2020-09-26,1100,18,12,1130,1382,47,27,1456
2020-09-27,1315,3,37,1355,1213,8,52,1273
2020-09-28,965,4,35,1004,1019,12,40,1071
2020-09-29,1224,11,30,1265,1303,20,75,1398
2020-09-30,1678,3,28,1709,992,18,49,1059
2020-10-01,898,4,34,936,1147,5,101,1253
2020-10-02,677,4,43,724,960,19,66,1045
2020-10-03,760,4,19,783,1051,21,58,1130
2020-10-04,1030,3,59,1092,846,8,44,898
2020-10-05,731,2,33,766,717,13,34,764
2020-10-06,701,4,24,729,823,23,29,875
2020-10-07,525,1,26,552,621,11,38,670
2020-10-08,798,1,35,834,932,6,53,991
2020-10-09,793,5,37,835,790,45,26,861
2020-10-10,670,4,14,688,1028,30,26,1084
2020-10-11,1304,13,68,1385,940,48,48,1036
2020-10-12,478,10,32,520,545,11,40,596
2020-10-13,422,2,31,455,639,22,27,688
2020-10-14,564,4,30,598,656,21,31,708
2020-10-15,984,3,53,1040,1121,14,64,1199
2020-10-16,1153,5,49,1207,927,30,42,999
2020-10-17,824,8,9,841,996,27,48,1071
2020-10-18,1057,13,52,1122,822,26,38,886
2020-10-19,462,2,31,495,613,8,28,649
2020-10-20,512,5,16,533,842,10,93,945
2020-10-21,770,2,31,803,715,10,78,803
2020-10-22,517,2,34,553,661,7,43,711
2020-10-23,796,2,42,840,953,25,58,1036
2020-10-24,986,7,27,1020,904,9,26,939
2020-10-25,911,14,38,963,953,31,48,1032
2020-10-26,575,3,21,599,542,7,26,575
2020-10-27,534,2,17,553,546,4,28,578
2020-10-28,352,2,23,377,479,11,28,518
2020-10-29,534,6,28,568,731,8,45,784
2020-10-30,890,4,37,931,986,26,57,1069
2020-10-31,776,5,19,800,1262,19,36,1317
2020-11-01,1021,1,47,1069,935,8,39,982
2020-11-02,503,0,25,528,472,9,17,498
2020-11-03,717,14,32,763,1139,20,96,1255
2020-11-04,829,7,33,869,819,6,124,949
2020-11-05,1007,1,30,1038,560,3,84,647
2020-11-06,931,5,40,976,832,10,55,897
2020-11-07,876,8,26,910,738,9,28,775
2020-11-08,1089,4,63,1156,816,22,60,898
2020-11-09,621,0,19,640,379,13,20,412
2020-11-10,952,6,36,994,964,20,36,1020
2020-11-11,1321,2,52,1375,508,8,42,558
2020-11-12,1646,4,61,1711,589,7,74,670
2020-11-13,806,1,26,833,706,8,49,763
2020-11-14,714,3,19,736,885,15,34,934
2020-11-15,969,6,38,1013,1174,30,55,1259
2020-11-16,366,14,17,397,424,13,14,451
2020-11-17,385,4,26,415,611,14,32,657
2020-11-18,609,6,27,642,763,5,86,854
2020-11-19,568,2,30,600,550,5,36,591
2020-11-20,766,12,34,812,976,27,56,1059
2020-11-21,999,3,41,1043,957,21,35,1013
2020-11-22,1044,5,27,1076,904,21,70,995
2020-11-23,452,3,14,469,384,1,36,421
2020-11-24,386,3,19,408,781,15,34,830
2020-11-25,520,4,16,540,625,15,31,671
2020-11-26,708,2,19,729,651,13,41,705
2020-11-27,1007,6,28,1041,1003,24,38,1065
2020-11-28,1039,9,15,1063,971,15,46,1032
2020-11-29,1278,4,33,1315,1338,15,54,1407
2020-11-30,787,0,22,809,679,1,56,736
2020-12-01,746,4,21,771,1344,23,30,1397
2020-12-02,587,1,28,616,918,18,55,991
2020-12-03,841,2,38,881,919,4,34,957
2020-12-04,1258,7,34,1299,1423,23,40,1486
2020-12-05,922,0,18,940,1559,30,39,1628
2020-12-06,1837,6,40,1883,1407,24,55,1486
2020-12-07,1470,2,64,1536,839,9,30,878
2020-12-08,823,4,20,847,1444,30,45,1519
2020-12-09,899,1,43,943,1108,10,73,1191
2020-12-10,793,3,39,835,1307,10,142,1459
2020-12-11,1050,2,57,1109,1514,22,45,1581
2020-12-12,543,4,13,560,1558,17,27,1602
2020-12-13,1012,2,37,1051,1490,28,50,1568
2020-12-14,318,4,21,343,873,15,67,955
2020-12-15,531,10,28,569,1440,38,41,1519
2020-12-16,509,5,24,538,1131,12,50,1193
2020-12-17,622,1,31,654,1224,10,58,1292
2020-12-18,775,7,27,809,1514,25,50,1589
2020-12-19,678,3,16,697,1474,14,40,1528
2020-12-20,1088,6,39,1133,1280,28,50,1358
2020-12-21,231,3,16,250,680,14,25,719
2020-12-22,602,3,21,626,1059,23,24,1106
2020-12-23,371,7,9,387,630,13,42,685
2020-12-24,337,2,23,362,665,6,36,707
2020-12-25,367,1,11,379,787,32,26,845
2020-12-26,186,3,5,194,602,8,29,639
2020-12-27,515,1,27,543,925,16,43,984
2020-12-28,222,2,12,236,595,10,28,633
2020-12-29,408,4,9,421,943,38,31,1012
2020-12-30,648,3,23,674,656,3,48,707
2020-12-31,317,1,17,335,751,5,42,798
2021-01-01,341,0,9,350,803,17,28,848
2021-01-02,363,10,10,383,940,22,33,995
2021-01-03,880,4,36,920,1146,31,44,1221
2021-01-04,445,1,12,458,455,2,41,498
2021-01-05,534,2,17,553,1184,36,49,1269
2021-01-06,591,2,17,610,697,14,42,753
2021-01-07,666,7,23,696,739,9,48,796
2021-01-08,661,1,26,688,1084,30,46,1160
2021-01-09,653,11,6,670,1052,28,50,1130
2021-01-10,912,6,19,937,1243,39,60,1342
2021-01-11,306,0,12,318,536,4,37,577
2021-01-12,436,3,13,452,1247,30,36,1313
2021-01-13,388,1,14,403,838,14,30,882
2021-01-14,431,2,13,446,978,12,73,1063
2021-01-15,532,1,30,563,1220,24,47,1291
2021-01-16,525,10,25,560,1166,16,24,1206
2021-01-17,642,4,29,675,1212,25,30,1267
2021-01-18,337,1,8,346,478,6,17,501
2021-01-19,488,3,15,506,1175,20,53,1248
2021-01-20,538,2,11,551,540,3,21,564
2021-01-21,392,5,18,415,912,31,41,984
2021-01-22,453,1,12,466,709,3,49,761
2021-01-23,466,11,21,498,1008,17,39,1064
2021-01-24,660,5,32,697,1163,11,44,1218
2021-01-25,362,0,8,370,436,3,22,461
2021-01-26,496,3,10,509,814,7,45,866
2021-01-27,591,2,16,609,522,3,32,557
2021-01-28,559,9,10,578,913,11,57,981
2021-01-29,549,0,14,563,723,4,30,757
2021-01-30,467,6,9,482,700,4,23,727
2021-01-31,628,1,23,652,549,8,23,580
2021-02-01,303,1,20,324,458,1,16,475
2021-02-02,428,2,19,449,627,10,42,679
2021-02-03,331,4,12,347,226,2,20,248
2021-02-04,343,4,8,355,574,5,23,602
2021-02-05,439,0,21,460,560,8,34,602
2021-02-06,486,2,20,508,592,2,43,637
2021-02-07,569,7,22,598,557,4,42,603
2021-02-08,202,0,4,206,408,1,14,423
2021-02-09,391,1,8,400,590,5,41,636
2021-02-10,580,3,6,589,409,0,33,442
2021-02-11,288,0,8,296,517,0,16,533
2021-02-12,295,1,14,310,510,3,21,534
2021-02-13,247,0,3,250,410,0,28,438
2021-02-14,519,4,34,557,493,22,25,540
2021-02-15,393,6,12,411,530,11,22,563
2021-02-16,484,9,10,503,957,8,63,1028
2021-02-17,439,2,17,458,636,10,27,673
2021-02-18,508,8,19,535,928,10,114,1052
2021-02-19,511,5,14,530,707,6,33,746
2021-02-20,736,4,14,754,721,10,34,765
2021-02-21,814,5,23,842,825,24,36,885
2021-02-22,296,6,19,321,564,12,31,607
2021-02-23,499,1,7,507,702,18,19,739
2021-02-24,571,1,14,586,480,9,22,511
2021-02-25,418,1,28,447,646,1,82,729
2021-02-26,457,2,19,478,627,8,35,670
2021-02-27,450,5,11,466,637,13,17,667
2021-02-28,807,9,17,833,1061,31,42,1134
2021-03-01,317,3,14,334,790,17,18,825
2021-03-02,350,4,10,364,760,12,30,802
2021-03-03,558,9,33,600,722,2,37,761
2021-03-04,418,2,42,462,675,9,38,722
2021-03-05,465,2,25,492,714,13,26,753
2021-03-06,347,13,7,367,776,43,28,847
2021-03-07,555,5,21,581,725,2,30,757
2021-03-08,149,0,11,160,575,7,20,602
2021-03-09,483,6,15,504,729,10,14,753
2021-03-10,679,2,22,703,854,3,68,925
2021-03-11,346,2,11,359,578,2,16,596
2021-03-12,512,5,20,537,658,16,32,706
2021-03-13,521,8,9,538,713,42,20,775
2021-03-14,522,0,31,553,745,4,32,781
2021-03-15,243,2,19,264,574,4,18,596
2021-03-16,460,0,3,463,844,19,34,897
2021-03-17,494,11,14,519,544,5,30,579
2021-03-18,253,4,18,275,573,10,51,634
2021-03-19,463,5,25,493,546,8,34,588
2021-03-20,444,7,9,460,646,41,19,706
2021-03-21,461,3,13,477,774,13,30,817
2021-03-22,264,2,10,276,447,3,30,480
2021-03-23,385,3,4,392,554,12,17,583
2021-03-24,395,2,22,419,415,6,20,441
2021-03-25,368,1,18,387,607,2,31,640
2021-03-26,476,3,26,505,757,1,27,785
2021-03-27,405,7,15,427,721,38,21,780
2021-03-28,501,2,19,522,803,13,38,854
2021-03-29,152,1,7,160,421,4,9,434
2021-03-30,332,7,5,344,808,8,21,837
2021-03-31,620,5,20,645,571,9,24,604
2021-04-01,304,3,19,326,820,0,25,845
2021-04-02,576,6,36,618,1050,14,41,1105
2021-04-03,289,4,9,302,494,25,7,526
2021-04-04,525,3,22,550,616,6,18,640
2021-04-05,208,4,5,217,722,13,22,757
2021-04-06,357,1,12,370,550,14,21,585
2021-04-07,466,1,12,479,388,2,13,403
2021-04-08,284,6,45,335,804,1,93,898
2021-04-09,647,10,29,686,1190,8,43,1241
2021-04-10,445,10,15,470,754,11,30,795
2021-04-11,467,4,20,491,1135,8,39,1182
2021-04-12,216,5,7,228,694,4,9,707
2021-04-13,354,1,10,365,789,7,40,836
2021-04-14,417,0,12,429,476,3,24,503
2021-04-15,264,4,10,278,695,3,82,780
2021-04-16,533,5,25,563,805,21,39,865
2021-04-17,290,7,11,308,531,12,18,561
2021-04-18,582,2,14,598,928,8,37,973
2021-04-19,133,1,11,145,624,11,16,651
2021-04-20,285,3,12,300,819,8,40,867
2021-04-21,429,3,21,453,425,9,14,448
2021-04-22,418,3,15,436,486,3,30,519
2021-04-23,518,5,32,555,882,14,82,978
2021-04-24,184,4,14,202,495,18,14,527
2021-04-25,565,2,24,591,858,9,25,892
2021-04-26,79,3,13,95,556,6,27,589
2021-04-27,351,3,11,365,688,7,32,727
2021-04-28,462,5,12,479,509,6,22,537
2021-04-29,496,1,18,515,596,3,31,630
2021-04-30,617,1,21,639,1034,5,30,1069
2021-05-01,380,1,5,386,782,3,13,798
2021-05-02,740,5,24,769,1039,8,37,1084
2021-05-03,124,2,11,137,457,3,21,481
2021-05-04,269,2,16,287,829,9,15,853
2021-05-05,534,4,10,548,474,4,18,496
2021-05-06,170,1,9,180,686,2,20,708
2021-05-07,617,4,29,650,883,15,63,961
2021-05-08,336,3,5,344,945,8,12,965
2021-05-09,669,6,73,748,923,9,44,976
2021-05-10,151,0,42,193,679,2,28,709
2021-05-11,280,3,18,301,736,7,31,774
2021-05-12,497,11,22,530,657,6,8,671
2021-05-13,314,2,15,331,734,5,26,765
2021-05-14,684,3,36,723,1043,16,45,1104
2021-05-15,718,7,26,751,1049,10,27,1086
2021-05-16,511,7,22,540,1090,10,66,1166
2021-05-17,245,5,6,256,536,0,68,604
2021-05-18,268,4,18,290,956,15,81,1052
2021-05-19,738,4,19,761,527,9,30,566
2021-05-20,289,3,26,318,797,3,56,856
2021-05-21,758,12,9,779,884,29,26,939
2021-05-22,695,4,5,704,864,11,17,892
2021-05-23,658,6,15,679,890,1,28,919
2021-05-24,365,2,5,372,530,2,21,553
2021-05-25,320,7,2,329,843,7,39,889
2021-05-26,649,4,27,680,610,4,43,657
2021-05-27,143,10,10,163,840,5,80,925
2021-05-28,863,12,19,894,996,24,35,1055
2021-05-29,809,9,13,831,946,27,16,989
2021-05-30,759,8,22,789,1115,9,56,1180
2021-05-31,377,3,4,384,899,4,34,937
2021-06-01,390,9,15,414,1420,18,56,1494
2021-06-02,811,2,19,832,682,10,22,714
2021-06-03,346,9,11,366,1201,22,23,1246
2021-06-04,708,12,8,728,1088,16,31,1135
2021-06-05,808,10,11,829,1015,27,23,1065
2021-06-06,848,129,25,1002,1007,17,31,1055
2021-06-07,371,4,3,378,726,4,18,748
2021-06-08,451,9,4,464,845,16,34,895
2021-06-09,544,13,15,572,594,7,12,613
2021-06-10,471,14,25,510,1246,21,29,1296
2021-06-11,724,28,8,760,1445,27,40,1512
2021-06-12,652,33,6,691,1182,24,23,1229
2021-06-13,947,25,11,983,1130,14,31,1175
2021-06-14,347,7,7,361,744,0,19,763
2021-06-15,574,13,8,595,1252,17,33,1302
2021-06-16,747,2,14,763,731,10,20,761
2021-06-17,533,15,8,556,1402,13,29,1444
2021-06-18,705,21,16,742,1533,27,25,1585
2021-06-19,957,10,8,975,1455,22,23,1500
2021-06-20,1522,26,31,1579,1408,29,21,1458
2021-06-21,627,3,13,643,806,63,13,882
2021-06-22,645,17,11,673,1159,35,34,1228
2021-06-23,706,7,14,727,875,9,38,922
2021-06-24,542,33,10,585,1520,43,28,1591
2021-06-25,670,18,11,699,1736,41,38,1815
2021-06-26,811,33,28,872,1533,41,32,1606
2021-06-27,1161,23,12,1196,1402,28,16,1446
2021-06-28,539,5,7,551,1115,1,35,1151
2021-06-29,876,21,20,917,1622,20,31,1673
2021-06-30,1630,14,11,1655,1478,17,29,1524
2021-07-01,754,22,20,796,1733,31,33,1797
2021-07-02,568,14,12,594,1865,33,32,1930
2021-07-03,454,24,13,491,1365,33,18,1416
2021-07-04,755,26,15,796,1611,33,38,1682
2021-07-05,529,8,3,540,1221,7,11,1239
2021-07-06,526,15,10,551,1574,19,19,1612
2021-07-07,490,16,8,514,1066,17,10,1093
2021-07-08,374,19,7,400,1575,26,29,1630
2021-07-09,612,24,19,655,1743,15,30,1788
2021-07-10,398,22,6,426,1490,54,18,1562
2021-07-11,1099,37,22,1158,1810,35,32,1877
2021-07-12,585,5,5,595,1272,17,18,1307
2021-07-13,714,14,17,745,1432,21,21,1474
2021-07-14,631,10,19,660,1194,22,20,1236
2021-07-15,559,18,15,592,1901,46,14,1961
2021-07-16,625,22,18,665,1941,31,29,2001
2021-07-17,341,17,14,372,1743,34,15,1792
2021-07-18,1257,28,24,1309,2093,44,22,2159
2021-07-19,381,10,11,402,1294,11,24,1329
2021-07-20,788,7,15,810,1357,3,25,1385
2021-07-21,665,14,21,700,1276,28,12,1316
2021-07-22,449,20,11,480,1574,26,27,1627
2021-07-23,831,18,21,870,1831,18,30,1879
2021-07-24,587,9,13,609,1515,30,18,1563
2021-07-25,1263,18,16,1297,1922,17,26,1965
2021-07-26,210,1,8,219,1186,7,8,1201
2021-07-27,1075,8,16,1099,1585,18,14,1617
2021-07-28,636,17,12,665,1317,10,23,1350
2021-07-29,777,23,21,821,1994,27,16,2037
2021-07-30,732,17,23,772,2339,17,36,2392
2021-07-31,732,22,9,763,2013,23,30,2066
2021-08-01,1317,22,20,1359,1630,25,29,1684
2021-08-02,638,14,15,667,1158,11,22,1191
2021-08-03,1187,5,20,1212,1295,8,24,1327
2021-08-04,888,12,7,907,1158,10,15,1183
2021-08-05,708,9,17,734,1282,22,22,1326
2021-08-06,1128,17,21,1166,1592,30,24,1646
2021-08-07,933,14,18,965,1641,22,19,1682
2021-08-08,1404,18,19,1441,1559,18,29,1606
2021-08-09,838,13,29,880,1099,7,17,1123
2021-08-10,1398,16,44,1458,1294,13,41,1348
2021-08-11,1000,12,22,1034,1108,12,20,1140
2021-08-12,833,11,25,869,1263,18,24,1305
2021-08-13,953,6,28,987,1697,19,31,1747
2021-08-14,867,5,30,902,1672,36,18,1726
2021-08-15,1311,21,25,1357,1871,19,25,1915
2021-08-16,708,16,18,742,1127,15,18,1160
2021-08-17,1185,13,27,1225,1565,5,42,1612
2021-08-18,1177,19,56,1252,1170,9,20,1199
2021-08-19,1694,13,83,1790,1615,19,25,1659
2021-08-20,1102,14,45,1161,1664,12,53,1729
2021-08-21,693,15,22,730,1773,32,19,1824
2021-08-22,1027,8,28,1063,1370,10,21,1401
2021-08-23,505,6,23,534,1321,8,27,1356
2021-08-24,877,5,20,902,1856,17,31,1904
2021-08-25,688,16,30,734,1385,13,25,1423
2021-08-26,659,17,21,697,1603,14,25,1642
2021-08-27,747,11,37,795,1896,23,31,1950
2021-08-28,915,16,35,966,2156,26,21,2203
2021-08-29,999,5,29,1033,1953,7,32,1992
2021-08-30,639,8,20,667,1418,15,30,1463
2021-08-31,898,9,41,948,1782,28,32,1842
2021-09-01,762,15,21,798,1476,13,40,1529
2021-09-02,972,8,36,1016,1629,15,29,1673
2021-09-03,860,4,38,902,1990,6,40,2036
2021-09-04,901,13,36,950,2081,32,19,2132
2021-09-05,965,9,34,1008,1908,21,37,1966
2021-09-06,420,3,21,444,1297,20,21,1338
2021-09-07,788,10,31,829,1733,19,38,1790
2021-09-08,700,9,32,741,1195,11,34,1240
2021-09-09,597,6,45,648,1313,21,23,1357
2021-09-10,932,8,60,1000,1586,12,49,1647
2021-09-11,805,13,32,850,1670,27,29,1726
2021-09-12,880,7,37,924,1462,18,44,1524
2021-09-13,470,5,27,502,857,1,22,880
2021-09-14,837,8,42,887,1249,17,50,1316
2021-09-15,530,4,28,562,1570,25,36,1631
2021-09-16,839,12,34,885,1380,14,33,1427
2021-09-17,734,8,22,764,1890,12,46,1948
2021-09-18,933,17,35,985,1770,30,34,1834
2021-09-19,906,9,24,939,1340,28,33,1401
2021-09-20,541,14,16,571,783,26,25,834
2021-09-21,899,3,31,933,1060,24,33,1117
2021-09-22,679,14,34,727,1476,26,39,1541
2021-09-23,763,9,32,804,1407,38,38,1483
2021-09-24,971,6,39,1016,1773,55,55,1883
2021-09-25,766,24,16,806,1375,41,39,1455
2021-09-26,930,15,33,978,1625,67,40,1732
2021-09-27,507,9,21,537,875,25,21,921
2021-09-28,1077,6,37,1120,1570,38,50,1658
2021-09-29,731,13,30,774,1424,54,40,1518
2021-09-30,880,15,40,935,1285,30,36,1351
2021-10-01,1001,8,35,1044,1554,27,49,1630
2021-10-02,738,13,49,800,1544,40,24,1608
2021-10-03,1046,6,36,1088,1558,41,45,1644
2021-10-04,573,10,27,610,560,18,24,602
2021-10-05,402,3,24,429,951,5,25,981
2021-10-06,970,8,32,1010,1346,39,39,1424
2021-10-07,701,2,30,733,682,25,23,730
2021-10-08,671,13,37,721,1235,37,45,1317
2021-10-09,418,9,35,462,731,76,37,844
2021-10-10,1299,10,65,1374,1381,40,49,1470
2021-10-11,499,3,25,527,827,22,20,869
2021-10-12,312,5,19,336,510,48,18,576
2021-10-13,839,6,40,885,1151,142,48,1341
2021-10-14,870,12,63,945,1358,33,40,1431
2021-10-15,827,6,34,867,1374,23,30,1427
2021-10-16,769,10,43,822,1016,29,26,1071
2021-10-17,1307,17,55,1379,1484,45,54,1583
2021-10-18,512,5,31,548,584,6,18,608
2021-10-19,409,3,22,434,804,9,36,849
2021-10-20,785,8,48,841,1163,36,39,1238
2021-10-21,539,5,24,568,603,18,33,654
2021-10-22,1019,5,43,1067,965,23,22,1010
2021-10-23,656,14,45,715,689,20,26,735
2021-10-24,1340,7,55,1402,1171,20,55,1246
2021-10-25,560,20,45,625,564,12,28,604
2021-10-26,327,3,26,356,886,31,38,955
2021-10-27,1187,12,46,1245,882,26,40,948
2021-10-28,483,9,35,527,614,7,26,647
2021-10-29,831,8,39,878,1011,19,58,1088
2021-10-30,555,8,38,601,807,7,35,849
2021-10-31,1107,24,50,1181,1457,30,57,1544
2021-11-01,787,3,51,841,714,16,31,761
2021-11-02,752,6,36,794,1132,29,32,1193
2021-11-03,1094,15,32,1141,931,18,43,992
2021-11-04,644,19,40,703,635,18,20,673
2021-11-05,879,62,46,987,1039,16,46,1101
2021-11-06,566,174,34,774,955,33,59,1047
2021-11-07,1191,75,44,1310,1409,26,39,1474
2021-11-08,446,6,40,492,658,14,29,701
2021-11-09,693,11,30,734,834,17,33,884
2021-11-10,1073,10,52,1135,1093,10,53,1156
2021-11-11,689,6,36,731,589,28,27,644
2021-11-12,825,15,68,908,943,21,55,1019
2021-11-13,399,11,35,445,885,20,33,938
2021-11-14,1333,30,90,1453,1472,34,74,1580
2021-11-15,703,5,56,764,791,162,32,985
2021-11-16,600,8,37,645,1122,74,55,1251
2021-11-17,1115,20,88,1223,983,63,54,1100
2021-11-18,740,12,37,789,710,30,46,786
2021-11-19,736,9,43,788,944,24,46,1014
2021-11-20,639,19,32,690,1092,21,45,1158
2021-11-21,1051,15,37,1103,1337,27,53,1417
2021-11-22,516,4,29,549,719,7,31,757
2021-11-23,438,2,34,474,1127,29,49,1205
2021-11-24,1128,12,56,1196,856,14,41,911
2021-11-25,733,8,48,789,716,25,53,794
2021-11-26,724,12,42,778,1274,12,66,1352
2021-11-27,575,7,40,622,1065,16,66,1147
2021-11-28,1438,9,30,1477,1793,10,66,1869
2021-11-29,406,6,16,428,716,12,22,750
2021-11-30,671,5,31,707,1146,11,45,1202
2021-12-01,1962,11,151,2124,1408,25,66,1499
2021-12-02,1141,13,85,1239,1125,15,49,1189
2021-12-03,979,4,58,1041,1620,14,58,1692
2021-12-04,679,24,41,744,1252,24,56,1332
2021-12-05,1465,20,77,1562,1821,32,49,1902
2021-12-06,414,2,13,429,879,9,41,929
2021-12-07,599,4,19,622,1173,15,42,1230
2021-12-08,824,17,21,862,1233,10,45,1288
2021-12-09,719,11,26,756,1439,18,63,1520
2021-12-10,1019,15,27,1061,1817,18,65,1900
2021-12-11,679,20,16,715,1563,26,44,1633
2021-12-12,1139,21,36,1196,1606,21,57,1684
2021-12-13,621,12,17,650,1255,8,36,1299
2021-12-14,484,4,11,499,1522,22,50,1594
2021-12-15,1493,25,22,1540,1796,32,83,1911
2021-12-16,867,10,30,907,1693,15,43,1751
2021-12-17,943,3,37,983,1875,14,69,1958
2021-12-18,919,22,28,969,1639,36,55,1730
2021-12-19,1313,30,25,1368,1944,15,65,2024
2021-12-20,657,15,20,692,1090,31,39,1160
2021-12-21,518,7,20,545,1095,30,57,1182
2021-12-22,782,18,28,828,1393,31,66,1490
2021-12-23,502,9,19,530,989,16,43,1048
2021-12-24,750,9,39,798,859,22,43,924
2021-12-25,606,14,10,630,775,26,36,837
2021-12-26,970,12,18,1000,1550,44,49,1643
2021-12-27,660,12,19,691,1099,21,54,1174
2021-12-28,415,2,5,422,1109,27,41,1177
2021-12-29,786,23,24,833,1120,35,63,1218
2021-12-30,607,8,24,639,1019,19,40,1078
2021-12-31,380,4,10,394,1241,32,56,1329
2022-01-01,609,3,16,628,720,14,44,778
2022-01-02,958,15,7,980,1543,62,94,1699
2022-01-03,756,12,5,773,1024,26,38,1088
2022-01-04,554,15,25,594,1287,27,44,1358
2022-01-05,729,15,16,760,1028,36,58,1122
2022-01-06,682,10,15,707,989,17,53,1059
2022-01-07,344,11,33,388,1963,62,78,2103
2022-01-08,782,10,12,804,1308,63,53,1424
2022-01-09,683,20,3,706,1798,48,97,1943
2022-01-10,174,14,7,195,1059,55,40,1154
2022-01-11,150,12,3,165,1056,47,39,1142
2022-01-12,620,14,13,647,1156,38,45,1239
2022-01-13,175,28,10,213,716,17,29,762
2022-01-14,560,23,34,617,1512,35,51,1598
2022-01-15,535,20,20,575,1125,32,57,1214
2022-01-16,894,24,14,932,1379,35,72,1486
2022-01-17,268,10,9,287,873,21,51,945
2022-01-18,139,8,17,164,955,27,37,1019
2022-01-19,398,19,19,436,1094,15,40,1149
2022-01-20,248,18,25,291,503,19,24,546
2022-01-21,539,20,5,564,1278,24,44,1346
2022-01-22,416,19,12,447,753,17,21,791
2022-01-23,618,24,25,667,1715,36,54,1805
2022-01-24,349,16,12,377,783,24,40,847
2022-01-25,206,3,13,222,868,12,26,906
2022-01-26,678,7,21,706,1119,20,34,1173
2022-01-27,389,9,13,411,514,11,32,557
2022-01-28,508,12,13,533,1092,13,36,1141
2022-01-29,426,13,12,451,610,12,29,651
2022-01-30,508,16,11,535,1442,15,50,1507
2022-01-31,87,1,12,100,564,1,24,589
2022-02-01,152,2,7,161,580,22,14,616
2022-02-02,401,3,24,428,951,19,38,1008
2022-02-03,170,2,9,181,874,16,31,921
2022-02-04,126,8,6,140,1032,13,28,1073
2022-02-05,352,7,5,364,1316,29,24,1369
2022-02-06,971,14,30,1015,1944,55,61,2060
2022-02-07,463,3,23,489,889,23,33,945
2022-02-08,155,8,6,169,1175,41,39,1255
2022-02-09,689,2,16,707,1336,30,36,1402
2022-02-10,494,3,28,525,1168,38,50,1256
2022-02-11,456,3,18,477,1457,51,39,1547
2022-02-12,239,8,13,260,1869,35,41,1945
2022-02-13,533,3,15,551,2954,95,53,3102
2022-02-14,299,3,15,317,1771,84,10,1865
2022-02-15,291,1,8,300,2283,87,31,2401
2022-02-16,513,3,20,536,2647,115,52,2814
2022-02-17,227,8,11,246,2292,120,38,2450
2022-02-18,318,4,11,333,2113,99,33,2245
2022-02-19,384,4,5,393,2801,167,26,2994
2022-02-20,303,3,10,316,3172,113,47,3332
2022-02-21,165,2,8,175,2245,103,33,2381
2022-02-22,229,3,2,234,2702,142,31,2875
2022-02-23,589,3,18,610,2419,127,33,2579
2022-02-24,171,0,12,183,1944,100,31,2075
2022-02-25,143,3,9,155,2071,96,18,2185
2022-02-26,451,2,3,456,2422,69,21,2512
2022-02-27,413,1,8,422,2893,140,26,3059
2022-02-28,175,1,0,176,1626,72,15,1713
2022-03-01,207,0,2,209,2558,81,27,2666
2022-03-02,532,3,21,556,3228,115,45,3388
2022-03-03,369,1,25,395,2249,70,50,2369
2022-03-04,165,4,2,171,2929,108,39,3076
2022-03-05,229,6,11,246,2477,84,22,2583
2022-03-06,615,4,11,630,4092,101,45,4238
2022-03-07,204,1,10,215,1522,26,28,1576
2022-03-08,109,0,5,114,1989,30,18,2037
2022-03-09,401,4,15,420,3394,64,57,3515
2022-03-10,274,0,14,288,2216,76,42,2334
2022-03-11,276,2,14,292,2217,36,46,2299
2022-03-12,168,4,2,174,1910,16,37,1963
2022-03-13,181,0,9,190,2629,24,40,2693
2022-03-14,97,2,9,108,1635,29,29,1693
2022-03-15,397,1,5,403,1970,45,30,2045
2022-03-16,468,5,9,482,2580,49,38,2667
2022-03-17,148,2,5,155,1761,39,28,1828
2022-03-18,439,1,17,457,1785,33,36,1854
2022-03-19,526,2,19,547,1665,31,30,1726
2022-03-20,275,2,5,282,2197,38,50,2285
2022-03-21,171,1,5,177,927,37,25,989
2022-03-22,93,0,2,95,1086,25,17,1128
2022-03-23,332,3,6,341,1679,52,31,1762
2022-03-24,136,1,10,147,1905,52,13,1970
2022-03-25,166,1,8,175,2037,41,37,2115
2022-03-26,316,2,4,322,1675,27,21,1723
2022-03-27,662,4,5,671,2212,43,32,2287
2022-03-28,113,2,6,121,925,23,17,965
2022-03-29,66,0,0,66,1795,20,22,1837
2022-03-30,162,5,7,174,1886,37,22,1945
2022-03-31,273,18,9,300,1384,42,85,1511
2022-04-01,1928,7,27,1962,2777,44,32,2853
2022-04-02,1206,2,13,1221,2211,22,35,2268
2022-04-03,942,11,12,965,2206,28,25,2259
2022-04-04,819,14,14,847,1987,30,26,2043
2022-04-05,1152,2,12,1166,1233,15,13,1261
2022-04-06,815,5,16,836,1656,29,29,1714
2022-04-07,624,31,13,668,1652,48,32,1732
2022-04-08,927,13,13,953,2419,23,46,2488
2022-04-09,1346,3,13,1362,1827,19,39,1885
2022-04-10,1264,6,18,1288,1640,20,29,1689
2022-04-11,1199,3,17,1219,1438,17,18,1473
2022-04-12,1100,4,7,1111,1539,20,24,1583
2022-04-13,1946,5,26,1977,1476,50,21,1547
2022-04-14,1002,5,16,1023,1699,24,25,1748
2022-04-15,1167,8,10,1185,2140,33,24,2197
2022-04-16,1497,4,5,1506,1315,29,20,1364
2022-04-17,1071,3,24,1098,1391,31,32,1454
2022-04-18,969,8,11,988,1611,26,18,1655
2022-04-19,1251,0,8,1259,978,16,21,1015
2022-04-20,1587,6,16,1609,1698,46,42,1786
2022-04-21,1903,13,12,1928,1408,49,23,1480
2022-04-22,1819,17,18,1854,1679,27,28,1734
2022-04-23,1969,11,24,2004,1334,10,20,1364
2022-04-24,1529,10,11,1550,1749,11,51,1811
2022-04-25,910,19,9,938,1321,19,29,1369
2022-04-26,1123,8,4,1135,1389,14,37,1440
2022-04-27,1652,19,14,1685,2368,45,49,2462
2022-04-28,2176,14,16,2206,1433,32,29,1494
2022-04-29,2122,12,32,2166,1948,28,44,2020
2022-04-30,2876,13,32,2921,2325,18,42,2385
2022-05-01,1845,9,52,1906,2437,15,45,2497
2022-05-02,1416,13,47,1476,1386,26,14,1426
2022-05-03,1306,14,65,1385,1373,27,19,1419
2022-05-04,1490,19,84,1593,1583,24,20,1627
2022-05-05,1521,21,52,1594,1986,68,36,2090
2022-05-06,1735,19,112,1866,2075,46,22,2143
2022-05-07,2419,10,100,2529,2237,23,33,2293
2022-05-08,3034,31,98,3163,2262,58,40,2360
2022-05-09,1651,27,77,1755,1440,16,28,1484
2022-05-10,1702,25,51,1778,1772,57,44,1873
2022-05-11,1653,36,102,1791,1391,107,42,1540
2022-05-12,1575,45,90,1710,2001,140,68,2209
2022-05-13,1829,86,135,2050,1949,61,53,2063
2022-05-14,1769,91,113,1973,2023,22,53,2098
2022-05-15,3263,193,149,3605,2449,69,54,2572
2022-05-16,1993,185,123,2301,2325,34,48,2407
2022-05-17,1555,212,75,1842,1201,39,32,1272
2022-05-18,1663,354,104,2121,1723,38,66,1827
2022-05-19,2154,623,141,2918,1784,60,57,1901
2022-05-20,1767,430,126,2323,2160,126,52,2338
2022-05-21,1784,368,103,2255,2018,12,46,2076
2022-05-22,2652,476,130,3258,2587,104,76,2767
2022-05-23,1866,495,150,2511,1712,138,46,1896
2022-05-24,1488,364,63,1915,1631,138,45,1814
2022-05-25,1817,971,131,2919,1566,198,62,1826
2022-05-26,1931,470,168,2569,2170,269,87,2526
2022-05-27,1953,739,139,2831,2125,233,77,2435
2022-05-28,1662,432,113,2207,2304,49,82,2435
2022-05-29,2863,1056,238,4157,2595,194,71,2860
2022-05-30,1348,540,64,1952,1992,304,94,2390
2022-05-31,1559,477,62,2098,2228,181,98,2507
2022-06-01,2590,1048,163,3801,2433,338,102,2873
2022-06-02,2205,825,144,3174,2755,239,88,3082
2022-06-03,2098,967,161,3226,2589,201,97,2887
2022-06-04,2070,526,149,2745,2205,17,94,2316
2022-06-05,2753,1189,188,4130,3442,328,113,3883
2022-06-06,1611,936,134,2681,1696,270,60,2026
2022-06-07,1528,630,86,2244,2378,229,86,2693
2022-06-08,2563,1087,142,3792,2875,352,110,3337
2022-06-09,1578,726,152,2456,2447,377,107,2931
2022-06-10,2534,1232,186,3952,2782,425,100,3307
2022-06-11,2988,854,184,4026,2800,26,99,2925
2022-06-12,3089,1025,192,4306,2723,375,105,3203
2022-06-13,1320,809,99,2228,2385,450,125,2960
2022-06-14,1805,796,110,2711,2380,348,96,2824
2022-06-15,1927,1416,149,3492,2811,545,137,3493
2022-06-16,2192,1044,170,3406,2750,337,133,3220
2022-06-17,2578,1333,172,4083,3098,343,105,3546
2022-06-18,2814,1019,151,3984,4135,156,137,4428
2022-06-19,2823,1351,154,4328,3817,448,125,4390
2022-06-20,1698,1087,132,2917,2497,279,117,2893
2022-06-21,2275,949,195,3419,3214,462,127,3803
2022-06-22,1979,1099,117,3195,2730,383,100,3213
2022-06-23,2643,1012,179,3834,3623,528,151,4302
2022-06-24,2578,1193,168,3939,4147,249,118,4514
2022-06-25,2596,1088,131,3815,4781,114,129,5024
2022-06-26,3073,1081,143,4297,4268,512,138,4918
2022-06-27,1830,1033,133,2996,2908,570,98,3576
2022-06-28,2256,772,89,3117,4754,353,127,5234
2022-06-29,1837,1131,112,3080,3781,490,155,4426
2022-06-30,2192,964,150,3306,4398,473,121,4992
2022-07-01,3056,1193,167,4416,4944,726,133,5803
2022-07-02,2881,779,129,3789,4132,515,211,4858
2022-07-03,3660,903,186,4749,5140,471,199,5810
2022-07-04,2100,1154,136,3390,2561,384,121,3066
2022-07-05,2179,641,81,2901,3569,366,187,4122
2022-07-06,1923,1151,149,3223,2587,497,160,3244
2022-07-07,1851,646,115,2612,2719,457,134,3310
2022-07-08,2887,1000,203,4090,4263,546,171,4980
2022-07-09,2478,1060,207,3745,3697,545,223,4465
2022-07-10,4025,1252,238,5515,4032,419,168,4619
2022-07-11,2369,1149,175,3693,2104,500,135,2739
2022-07-12,2602,1087,170,3859,3230,595,180,4005
2022-07-13,2044,1262,165,3471,2412,408,132,2952
2022-07-14,2112,922,163,3197,2940,529,143,3612
2022-07-15,2878,1437,225,4540,4080,599,185,4864
2022-07-16,2402,1070,164,3636,3574,685,275,4534
2022-07-17,4006,1073,191,5270,3976,609,187,4772
2022-07-18,2475,1305,154,3934,2069,429,145,2643
2022-07-19,2409,1015,178,3602,2945,660,151,3756
2022-07-20,2278,1209,174,3661,2379,763,179,3321
2022-07-21,2337,977,137,3451,2498,847,162,3507
2022-07-22,3080,1134,196,4410,3757,1135,190,5082
2022-07-23,2894,969,117,3980,3460,781,238,4479
2022-07-24,4883,1109,216,6208,3641,950,201,4792
2022-07-25,3100,1394,173,4667,2046,801,162,3009
2022-07-26,2539,1130,155,3824,2591,744,177,3512
2022-07-27,2369,1228,207,3804,2311,822,142,3275
2022-07-28,2343,1090,157,3590,2793,740,180,3713
2022-07-29,2710,1216,176,4102,3884,992,199,5075
2022-07-30,2751,1020,189,3960,3808,889,314,5011
2022-07-31,3998,1033,158,5189,4269,967,222,5458
2022-08-01,4229,1225,276,5730,2647,685,142,3474
2022-08-02,3537,729,187,4453,3420,813,166,4399
2022-08-03,3388,1240,205,4833,2700,623,199,3522
2022-08-04,2898,833,162,3893,3040,865,214,4119
2022-08-05,3646,1167,238,5051,3875,948,203,5026
2022-08-06,3363,975,172,4510,3632,828,266,4726
2022-08-07,5064,806,217,6087,4150,871,205,5226
2022-08-08,3962,1203,238,5403,2501,805,170,3476
2022-08-09,3783,1096,234,5113,3356,704,247,4307
2022-08-10,2824,1037,202,4063,2927,808,230,3965
2022-08-11,3284,1176,244,4704,3274,963,232,4469
2022-08-12,4351,1516,290,6157,4180,984,252,5416
2022-08-13,3422,1136,227,4785,3595,822,344,4761
2022-08-14,5840,1264,324,7428,4488,970,237,5695
2022-08-15,4107,1257,280,5644,2494,555,168,3217
2022-08-16,4742,1079,328,6149,3389,496,188,4073
2022-08-17,3584,1459,308,5351,2868,677,238,3783
2022-08-18,4356,1136,351,5843,3715,960,230,4905
2022-08-19,4343,1327,362,6032,3957,1163,263,5383
2022-08-20,4218,1160,301,5679,4120,781,404,5305
2022-08-21,6214,1382,367,7963,4233,914,270,5417
2022-08-22,4154,1196,333,5683,2562,698,206,3466
2022-08-23,4794,1213,320,6327,3550,654,269,4473
2022-08-24,4162,1094,293,5549,3349,1093,227,4669
2022-08-25,2789,662,268,3719,2684,876,228,3788
2022-08-26,4986,2439,521,7946,4393,1723,398,6514
2022-08-27,3873,1480,283,5636,3891,943,369,5203
2022-08-28,6121,1615,470,8206,4564,1278,319,6161
2022-08-29,2914,1228,283,4425,2776,571,291,3638
2022-08-30,3780,1785,425,5990,3959,1238,339,5536
2022-08-31,3215,1302,302,4819,3088,997,286,4371
2022-09-01,4258,1488,422,6168,3775,1154,315,5244
2022-09-02,3596,1602,500,5698,4753,1430,454,6637
2022-09-03,3196,1385,362,4943,4833,1089,395,6317
2022-09-04,4859,1654,417,6930,5415,1424,369,7208
2022-09-05,2593,1193,319,4105,3003,851,262,4116
2022-09-06,3878,1906,431,6215,4129,1350,345,5824
2022-09-07,3029,1367,365,4761,3281,975,346,4602
2022-09-08,3274,1349,447,5070,3008,1214,248,4470
2022-09-09,3773,1759,483,6015,4630,1437,412,6479
2022-09-10,2439,1189,316,3944,3856,935,346,5137
2022-09-11,4219,1447,452,6118,4860,1633,427,6920
2022-09-12,2750,1367,379,4496,3397,852,218,4467
2022-09-13,3542,1210,416,5168,4114,1430,290,5834
2022-09-14,2752,1494,334,4580,3097,946,320,4363
2022-09-15,3717,1242,502,5461,3529,1388,283,5200
2022-09-16,3439,1504,492,5435,4675,1631,470,6776
2022-09-17,2918,1081,336,4335,4437,921,442,5800
2022-09-18,4767,1303,439,6509,4840,1531,425,6796
2022-09-19,2509,1318,325,4152,3057,937,251,4245
2022-09-20,3557,1406,427,5390,3981,1480,396,5857
2022-09-21,2832,1645,344,4821,3189,1031,333,4553
2022-09-22,3492,1194,432,5118,3057,1154,303,4514
2022-09-23,3345,1113,433,4891,4488,1563,455,6506
2022-09-24,2416,1125,293,3834,3695,906,342,4943
2022-09-25,3667,1242,347,5256,4946,1402,510,6858
2022-09-26,2921,1308,298,4527,3400,694,330,4424
2022-09-27,3893,1196,460,5549,4408,1302,413,6123
2022-09-28,3292,1371,480,5143,4174,1035,431,5640
2022-09-29,3799,1115,550,5464,4422,1169,441,6032
2022-09-30,4031,1432,645,6108,7252,1478,534,9264
2022-10-01,3650,1076,572,5298,7170,932,582,8684
2022-10-02,5490,972,732,7194,5797,1332,592,7721
2022-10-03,4400,1574,722,6696,4220,609,421,5250
2022-10-04,5977,1004,677,7658,5301,1291,480,7072
2022-10-05,4196,1293,593,6082,4231,901,538,5670
2022-10-06,4802,1163,770,6735,4625,922,523,6070
2022-10-07,4870,1386,852,7108,5575,1315,606,7496
2022-10-08,4684,1226,795,6705,5593,919,648,7160
2022-10-09,7003,1104,987,9094,6033,1221,672,7926
2022-10-10,4757,1445,885,7087,4116,560,489,5165
2022-10-11,5044,1174,949,7167,6649,1245,730,8624
2022-10-12,3754,1262,846,5862,5679,847,609,7135
2022-10-13,4632,971,912,6515,6881,929,781,8591
2022-10-14,5063,1426,950,7439,8565,1517,954,11036
2022-10-15,5002,1082,836,6920,8532,1047,918,10497
2022-10-16,8434,1024,1102,10560,8915,1267,1153,11335
2022-10-17,5687,1310,1034,8031,6786,629,699,8114
2022-10-18,6372,1064,1071,8507,6840,1275,841,8956
2022-10-19,5521,1279,887,7687,6649,959,872,8480
2022-10-20,6867,1161,1090,9118,7188,983,819,8990
2022-10-21,7550,1428,1192,10170,9071,1487,1092,11650
2022-10-22,7726,1078,924,9728,8104,957,1042,10103
2022-10-23,9371,1085,1179,11635,8191,1235,1158,10584
2022-10-24,7614,1487,989,10090,6420,664,752,7836
2022-10-25,7123,1264,1078,9465,7031,1188,996,9215
2022-10-26,6179,1484,876,8539,7165,1021,1059,9245
2022-10-27,7221,1239,1162,9622,7389,874,894,9157
2022-10-28,8093,1580,1291,10964,9548,1587,1202,12337
2022-10-29,7661,1136,1168,9965,8224,1011,1034,10269
2022-10-30,10256,1345,1610,13211,8824,1140,1139,11103
2022-10-31,7294,1217,1263,9774,7340,701,926,8967
2022-11-01,7917,1284,1515,10716,9433,1385,1161,11979
2022-11-02,7745,1315,1368,10428,8142,704,1022,9868
2022-11-03,7798,1521,1430,10749,9367,1104,1177,11648
2022-11-04,8003,1384,1429,10816,9998,1315,1260,12573
2022-11-05,8684,1470,1410,11564,10327,1057,1398,12782
2022-11-06,12195,1717,1602,15514,10648,1460,1497,13605
2022-11-07,9578,1625,1564,12767,7943,707,1486,10136
2022-11-08,10344,1623,1618,13585,9191,1561,1392,12144
2022-11-09,8458,1355,1511,11324,9195,1033,1257,11485
2022-11-10,8298,1560,1452,11310,9884,1183,1348,12415
2022-11-11,9493,1743,1736,12972,10549,2031,1496,14076
2022-11-12,9824,1540,1559,12923,10945,1255,1650,13850
2022-11-13,13043,1883,1941,16867,11348,1548,1567,14463
2022-11-14,10007,1758,1886,13651,8602,789,1160,10551
2022-11-15,10338,1770,1799,13907,10065,2043,1640,13748
2022-11-16,9732,1693,1774,13199,9829,1299,1486,12614
2022-11-17,8573,1607,1708,11888,9716,1322,1608,12646
2022-11-18,9486,1491,1527,12504,11623,2142,1834,15599
2022-11-19,10866,1614,1813,14293,11424,1608,1751,14783
2022-11-20,13519,1540,1841,16900,12182,1953,1883,16018
2022-11-21,11141,1853,1931,14925,8926,853,1438,11217
2022-11-22,10615,1749,1821,14185,10187,1992,1706,13885
2022-11-23,10487,1828,2093,14408,10281,1243,1491,13015
2022-11-24,9100,1679,1876,12655,10825,1511,1660,13996
2022-11-25,9552,1508,1742,12802,11962,2122,1817,15901
2022-11-26,11434,1539,1876,14849,11791,1375,2142,15308
2022-11-27,14036,1654,2046,17736,12441,1864,2299,16604
2022-11-28,11650,1672,1851,15173,9346,959,1838,12143
2022-11-29,11643,1667,1775,15085,10763,1763,2009,14535
2022-11-30,11598,1773,2051,15422,11573,1381,1902,14856
2022-12-01,10160,1461,2068,13689,14536,1598,2021,18155
2022-12-02,9671,1609,1841,13121,13934,2068,1951,17953
2022-12-03,12634,1683,2285,16602,14484,1384,2076,17944
2022-12-04,15422,1822,2298,19542,14774,1780,2220,18774
2022-12-05,12263,2153,2355,16771,12015,1052,1998,15065
2022-12-06,12881,1824,2245,16950,13100,1811,2072,16983
2022-12-07,11288,1805,2231,15324,13426,1484,1954,16864
2022-12-08,12594,1970,2439,17003,15881,1779,2230,19890
2022-12-09,11923,1558,1926,15407,17345,2099,2445,21889
2022-12-10,14662,1650,2289,18601,17157,1381,2428,20966
2022-12-11,16886,1747,2232,20865,16632,1785,2473,20890
2022-12-12,13944,1992,2220,18156,13291,1276,2359,16926
2022-12-13,14009,1631,2217,17857,16260,1764,2294,20318
2022-12-14,12465,1611,2138,16214,17645,1674,1977,21296
2022-12-15,13640,1804,2637,18081,20820,1949,2177,24946
2022-12-16,13427,1513,2506,17446,25521,2229,2142,29892
2022-12-17,15728,1409,2790,19927,25515,1436,1934,28885
2022-12-18,17460,1449,2679,21588,23555,1650,2216,27421
2022-12-19,13854,1716,2689,18259,19548,1320,2205,23073
2022-12-20,14355,1922,3231,19508,22099,1793,2184,26076
2022-12-21,12618,1766,3363,17747,22683,1381,2050,26114
2022-12-22,13324,2217,3673,19214,25321,1553,1953,28827
2022-12-23,12280,1922,3800,18002,25484,1924,1776,29184
2022-12-24,12545,1894,4034,18473,22479,1599,1751,25829
2022-12-25,13394,2463,3231,19088,20048,1967,2069,24084
2022-12-26,14586,2247,3158,19991,16146,1869,2649,20664
2022-12-27,20051,1595,2912,24558,17268,2007,3308,22583
2022-12-28,19281,1627,3328,24236,14489,1592,3410,19491
2022-12-29,19251,2035,3625,24911,14954,1657,3478,20089
2022-12-30,19571,1784,3585,24940,14655,1849,4052,20556
2022-12-31,21316,1618,2512,25446,13335,1558,3255,18148
2023-01-01,24925,1687,2456,29068,14591,1648,4644,20883
2023-01-02,28258,1624,1857,31739,13367,1422,6713,21502
2023-01-03,22993,1663,2459,27115,14179,1652,4621,20452
2023-01-04,21850,1886,2833,26569,14230,1533,3740,19503
2023-01-05,18429,2304,3164,23897,14417,1434,3422,19273
2023-01-06,19307,2468,3391,25166,15155,1684,3308,20147
2023-01-07,19863,2885,3456,26204,15927,1590,3585,21102
2023-01-08,23121,3019,4135,30275,18344,2949,4410,25703
2023-01-09,17190,3403,4203,24796,13750,2286,3384,19420
2023-01-10,16424,3419,4169,24012,13894,2533,3931,20358
2023-01-11,15408,3777,4088,23273,14288,2732,4596,21616
2023-01-12,15014,3769,4270,23053,15030,2686,4797,22513
2023-01-13,15451,3834,4362,23647,15924,3286,5093,24303
2023-01-14,17309,3548,3969,24826,17507,3075,5448,26030
2023-01-15,20690,3469,3799,27958,17647,3631,6205,27483
2023-01-16,15596,3389,3432,22417,13712,2934,4649,21295
2023-01-17,15066,3476,3125,21667,18842,2870,4633,26345
2023-01-18,15805,3984,3744,23533,24707,2837,4046,31590
2023-01-19,15193,4444,4389,24026,28640,2393,3684,34717
2023-01-20,14481,4068,5256,23805,31647,1913,2809,36369
2023-01-21,13577,2435,5535,21547,31799,1036,2422,35257
2023-01-22,11142,3126,4307,18575,28517,1484,2934,32935
2023-01-23,12358,4214,4380,20952,21687,1810,2898,26395
2023-01-24,16309,3690,4251,24250,19487,2219,4172,25878
2023-01-25,25033,2938,3305,31276,19642,2668,3704,26014
2023-01-26,24394,3869,4224,32487,17807,3511,3986,25304
2023-01-27,25531,2955,3898,32384,17747,4291,4348,26386
2023-01-28,30702,2225,3008,35935,18069,3715,4938,26722
2023-01-29,37062,1582,2481,41125,17984,4058,5617,27659
2023-01-30,28849,2883,3382,35114,13318,3244,3733,20295
2023-01-31,25658,2933,3577,32168,13285,3203,3547,20035
2023-02-01,22962,3951,4675,31588,16309,3230,3012,22551
2023-02-02,18327,5118,5619,29064,14632,3203,3180,21015
2023-02-03,15487,4576,6473,26536,16961,3651,3724,24336
2023-02-04,17592,4583,5697,27872,15644,3405,3957,23006
2023-02-05,21913,3859,5410,31182,16539,3598,5739,25876
2023-02-06,17408,4946,6154,28508,14145,3686,4586,22417
2023-02-07,14729,4539,5653,24921,13399,3598,4811,21808
2023-02-08,14464,4953,6021,25438,14257,3978,4614,22849
2023-02-09,13494,5226,7014,25734,15208,3904,4593,23705
2023-02-10,14019,4865,7265,26149,17789,4472,5570,27831
2023-02-11,15727,4650,6667,27044,16394,4234,5723,26351
2023-02-12,17921,4288,6717,28926,16926,4720,7800,29446
2023-02-13,15957,5122,6676,27755,13582,4093,6160,23835
2023-02-14,12967,4309,6452,23728,12803,3926,5614,22343
2023-02-15,14140,4821,7383,26344,15365,4397,5550,25312
2023-02-16,13690,5449,7430,26569,15655,4072,5573,25300
2023-02-17,15179,5341,7799,28319,17401,4603,6906,28910
2023-02-18,15655,4827,6912,27394,16800,4320,6808,27928
2023-02-19,19652,5012,7128,31792,16973,5504,8721,31198
2023-02-20,17015,5555,7588,30158,15120,4602,6803,26525
2023-02-21,14958,4814,6700,26472,13592,4612,6128,24332
2023-02-22,14788,5418,7954,28160,14849,4808,6600,26257
2023-02-23,13891,6026,9170,29087,16221,4799,6212,27232
2023-02-24,15912,5544,10054,31510,18644,5311,7216,31171
2023-02-25,16842,5346,10473,32661,16784,5137,7588,29509
2023-02-26,20734,5086,8471,34291,16701,6027,10098,32826
2023-02-27,17988,5321,9668,32977,14937,5112,9084,29133
2023-02-28,15694,5373,9930,30997,15016,5381,9603,30000
2023-03-01,15504,5536,10681,31721,18657,5106,7668,31431
2023-03-02,14072,6010,9617,29699,19251,5031,6360,30642
2023-03-03,14834,6097,9665,30596,20844,5456,7568,33868
2023-03-04,16002,5326,8161,29489,18792,5066,8719,32577
2023-03-05,21017,5639,7508,34164,18147,5579,12729,36455
2023-03-06,17444,5899,7924,31267,15573,5137,11805,32515
2023-03-07,16023,5490,7296,28809,16045,5253,9613,30911
2023-03-08,15816,6068,7892,29776,18292,5217,7791,31300
2023-03-09,15807,6956,9029,31792,19956,5021,7144,32121
2023-03-10,17275,6780,9504,33559,21097,5884,8074,35055
2023-03-11,18602,6105,8714,33421,19077,5511,7808,32396
2023-03-12,22811,5950,8402,37163,19025,6978,10347,36350
2023-03-13,20079,6847,8605,35531,17209,5768,8439,31416
2023-03-14,17214,5517,7592,30323,17421,5360,7364,30145
2023-03-15,17600,6784,8653,33037,18814,5849,7569,32232
2023-03-16,16554,7337,9439,33330,20151,5224,7662,33037
2023-03-17,18219,7706,10661,36586,22119,6150,8679,36948
2023-03-18,18830,6731,9777,35338,19318,5569,8509,33396
2023-03-19,23592,6934,9626,40152,19497,6715,11008,37220
2023-03-20,20381,7708,9943,38032,18250,5980,8466,32696
2023-03-21,18316,6826,8892,34034,17193,5556,8808,31557
2023-03-22,18217,7537,9405,35159,19207,5553,8322,33082
2023-03-23,17309,7993,10153,35455,21103,5491,8390,34984
2023-03-24,18689,8532,10183,37404,23581,6429,9468,39478
2023-03-25,20412,7074,8458,35944,20723,6388,9564,36675
2023-03-26,23755,7758,9221,40734,21607,8545,12243,42395
2023-03-27,20658,7454,9445,37557,20524,6639,10259,37422
2023-03-28,18349,6594,7599,32542,21442,6426,8948,36816
2023-03-29,18069,6851,9820,34740,23914,5504,10131,39549
2023-03-30,19113,7936,9672,36721,29192,5335,8650,43177
2023-03-31,20670,8068,11162,39900,38933,4640,6930,50503
2023-04-01,20233,7497,12238,39968,42951,3696,6133,52780
2023-04-02,23030,6101,10358,39489,37175,5536,9270,51981
2023-04-03,17354,5598,8827,31779,31278,4536,10036,45850
2023-04-04,18108,4975,9046,32129,40373,3734,7107,51214
2023-04-05,19096,6386,11184,36666,40673,3489,7124,51286
2023-04-06,20312,5516,12707,38535,36760,3370,7211,47341
2023-04-07,25465,5401,11774,42640,33517,4187,8081,45785
2023-04-08,31803,4777,8523,45103,23236,4935,10075,38246
2023-04-09,43770,3770,7061,54601,26634,7025,13112,46771
2023-04-10,48380,3499,5143,57022,24601,4959,11284,40844
2023-04-11,41402,4912,8422,54736,25537,4674,9068,39279
2023-04-12,35053,5086,13008,53147,22287,4604,9201,36092
2023-04-13,32049,6152,11956,50157,21549,4774,7444,33767
2023-04-14,34359,6142,11124,51625,23216,6439,9099,38754
2023-04-15,36669,5257,8455,50381,21533,6475,10417,38425
2023-04-16,39806,5666,8401,53873,23427,7818,12355,43600
2023-04-17,27195,8233,11696,47124,21017,6266,9126,36409
2023-04-18,22517,7425,12658,42600,20009,5888,8620,34517
2023-04-19,20224,7128,13218,40570,20275,5843,9151,35269
2023-04-20,18904,7472,14328,40704,21368,6320,10495,38183
2023-04-21,20900,7272,14676,42848,23506,6734,12037,42277
2023-04-22,19916,6743,12337,38996,20295,6883,12780,39958
2023-04-23,25392,7717,12055,45164,21021,7053,14928,43002
2023-04-24,21930,7549,11171,40650,18645,5541,12126,36312
2023-04-25,22169,7722,9146,39037,17427,6213,12788,36428
2023-04-26,20500,8106,10938,39544,19435,7176,13638,40249
2023-04-27,19034,9994,11568,40596,21255,9467,12242,42964
2023-04-28,18518,11095,14462,44075,25757,12030,11397,49184
2023-04-29,17557,12068,15082,44707,22088,13292,11190,46570
2023-04-30,22969,9444,10032,42445,17714,9184,13214,40112
2023-05-01,30221,7340,7966,45527,13817,7776,16127,37720
2023-05-02,22359,8947,8618,39924,15314,9974,11928,37216
2023-05-03,17070,13733,11080,41883,16996,10803,9811,37610
2023-05-04,14277,11613,12063,37953,19030,7694,8460,35184
2023-05-05,14450,8908,11971,35329,22283,6145,9834,38262
2023-05-06,16141,7992,9535,33668,19910,6882,11076,37868
2023-05-07,21682,9280,10247,41209,19720,7596,14718,42034
2023-05-08,18962,7790,10602,37354,21235,6004,9948,37187
2023-05-09,17266,7557,9850,34673,20849,5757,9279,35885
2023-05-10,18309,7888,10134,36331,22619,5383,8180,36182
2023-05-11,17336,8999,10380,36715,22598,6400,8335,37333
2023-05-12,18454,8846,10884,38184,25768,7100,10157,43025
2023-05-13,20516,8234,9533,38283,22629,6339,10163,39131
2023-05-14,25785,8169,9532,43486,22499,8482,12107,43088
2023-05-15,22836,8461,10401,41698,24764,7178,9695,41637
2023-05-16,20380,7014,9533,36927,21955,6419,9201,37575
2023-05-17,19986,7088,10440,37514,24381,6194,8890,39465
2023-05-18,20020,9009,11145,40174,24808,6019,8685,39512
2023-05-19,21698,8387,12150,42235,28430,6688,9718,44836
2023-05-20,23600,7296,10067,40963,26532,5926,10577,43035
2023-05-21,27798,7099,9639,44536,24859,7398,12970,45227
2023-05-22,24635,7632,9118,41385,23587,6100,10906,40593
2023-05-23,22481,6927,9121,38529,24718,5664,10260,40642
2023-05-24,21616,6923,10174,38713,29887,5194,8428,43509
2023-05-25,22506,7684,11680,41870,33349,5103,7412,45864
2023-05-26,24324,7582,13112,45018,30775,6043,8862,45680
2023-05-27,28428,7254,10775,46457,21175,5702,10122,36999
2023-05-28,38521,5769,7901,52191,21749,6877,13022,41648
2023-05-29,31517,6933,8127,46577,20949,5954,12035,38938
2023-05-30,26716,6100,8652,41468,20131,5730,10066,35927
2023-05-31,25505,6068,9872,41445,22826,5389,8800,37015
2023-06-01,20546,7179,12366,40091,24634,4705,7603,36942
2023-06-02,20790,7106,13998,41894,25777,5424,9255,40456
2023-06-03,21994,6874,13837,42705,23529,5541,9433,38503
2023-06-04,27670,6524,11167,45361,23879,6399,13374,43652
2023-06-05,24346,7599,11046,42991,22289,5146,13630,41065
2023-06-06,22040,6600,9998,38638,20839,5311,12450,38600
2023-06-07,22181,7091,11169,40441,24019,5207,9693,38919
2023-06-08,20224,7703,12527,40454,25665,5372,9277,40314
2023-06-09,22644,7803,13943,44390,28656,6098,10118,44872
2023-06-10,23820,7774,12839,44433,25582,6240,10075,41897
2023-06-11,29850,7341,12122,49313,24887,7718,13754,46359
2023-06-12,25851,7833,11688,45372,23858,6231,13239,43328
2023-06-13,21896,6629,9941,38466,22489,5807,11986,40282
2023-06-14,25298,7680,11245,44223,25344,5480,10755,41579
2023-06-15,22195,8208,11798,42201,26932,5879,9999,42810
2023-06-16,24608,9457,12892,46957,30940,6743,11165,48848
2023-06-17,25502,9761,12059,47322,28636,6931,10568,46135
2023-06-18,30359,8100,10717,49176,26651,8248,14259,49158
2023-06-19,26655,8348,11303,46306,25812,7566,12311,45689
2023-06-20,23855,8073,11271,43199,26739,6787,10960,44486
2023-06-21,22675,9892,14279,46846,35214,6129,8592,49935
2023-06-22,23867,9776,15370,49013,34628,5869,8749,49246
2023-06-23,25065,8567,13386,47018,28361,7173,10123,45657
2023-06-24,27606,9188,11404,48198,26411,8601,12818,47830
2023-06-25,39182,7442,9427,56051,26345,7490,17651,51486
2023-06-26,32327,8718,11008,52053,25836,6562,14260,46658
2023-06-27,28042,8886,11190,48118,26512,6352,11509,44373
2023-06-28,26123,8692,12824,47639,29414,6265,10172,45851
2023-06-29,24811,9424,13501,47736,30254,6436,10719,47409
2023-06-30,27760,9113,11626,48499,34517,6979,10231,51727
2023-07-01,29135,8809,12864,50808,33651,7453,11359,52463
2023-07-02,33183,7609,10814,51606,29331,8115,14435,51881
2023-07-03,28230,8419,11053,47702,28181,7455,11928,47564
2023-07-04,26381,8203,10995,45579,25746,7395,11472,44613
2023-07-05,24535,8657,11581,44773,28175,7675,10504,46354
2023-07-06,24522,9347,12582,46451,29703,7631,11112,48446
2023-07-07,25806,8720,12305,46831,30423,9063,10999,50485
2023-07-08,27854,9083,11511,48448,28920,9264,11348,49532
2023-07-09,33380,8536,11044,52960,27436,9977,13918,51331
2023-07-10,28573,9022,11655,49250,24758,9019,12184,45961
2023-07-11,26522,8229,10344,45095,24672,8807,11464,44943
2023-07-12,25013,8736,11071,44820,29315,8276,10703,48294
2023-07-13,23530,9198,11504,44232,32563,7735,10374,50672
2023-07-14,24643,9066,12584,46293,34893,8361,10589,53843
2023-07-15,26122,9923,12772,48817,35862,8380,10261,54503
2023-07-16,32579,9280,10405,52264,34280,9127,12684,56091
2023-07-17,26834,8819,10865,46518,28752,7727,11969,48448
2023-07-18,28573,8774,10480,47827,31324,8707,11337,51368
2023-07-19,25777,8916,10499,45192,33447,7497,10591,51535
2023-07-20,26290,9971,10898,47159,35090,7484,9224,51798
2023-07-21,27289,9988,11401,48678,37347,7923,10215,55485
2023-07-22,30797,10386,10464,51647,35806,8344,10150,54300
2023-07-23,36167,9401,9435,55003,34142,9455,12294,55891
2023-07-24,33027,9695,10416,53138,32111,8660,10691,51462
2023-07-25,30609,9287,9728,49624,30120,8796,10767,49683
2023-07-26,29312,9293,10491,49096,31562,8382,9538,49482
2023-07-27,28153,9833,12120,50106,31753,8257,9629,49639
2023-07-28,31092,9267,13056,53415,33697,8500,10523,52720
2023-07-29,33259,9451,11623,54333,32991,9384,11267,53642
2023-07-30,38782,8816,9546,57144,30611,9386,14231,54228
2023-07-31,36712,8880,9336,54928,29802,8729,12906,51437
2023-08-01,30812,9363,9717,49892,31117,8500,11304,50921
2023-08-02,29923,10230,10866,51019,31392,8275,10360,50027
2023-08-03,28809,10845,11374,51028,33470,9112,9425,52007
2023-08-04,32578,10668,11934,55180,35064,9204,10198,54466
2023-08-05,34036,10593,11440,56069,33318,9868,10901,54087
2023-08-06,38747,9750,9670,58167,30744,10743,12863,54350
2023-08-07,35727,10492,9731,55950,29719,9379,10943,50041
2023-08-08,35289,9509,9675,54473,28515,9586,10361,48462
2023-08-09,33764,9825,11349,54938,29091,9022,10091,48204
2023-08-10,31809,11093,12789,55691,31271,9647,9768,50686
2023-08-11,33152,10503,13957,57612,33209,9999,10314,53522
2023-08-12,34920,10594,12990,58504,31305,10339,11356,53000
2023-08-13,41156,9604,9714,60474,29389,10702,13740,53831
2023-08-14,37153,10404,10705,58262,26369,9600,14355,50324
2023-08-15,32438,10015,9506,51959,25862,9789,12579,48230
2023-08-16,34337,11043,12109,57489,30358,9528,11484,51370
2023-08-17,29337,11794,12626,53757,31089,9676,9710,50475
2023-08-18,30820,10577,12511,53908,33046,10190,9864,53100
2023-08-19,33450,10866,11507,55823,30005,10514,12007,52526
2023-08-20,38282,10074,9790,58146,31027,10887,13026,54940
2023-08-21,34560,10869,10913,56342,29598,8882,11879,50359
2023-08-22,31478,10399,9763,51640,28614,9218,10434,48266
2023-08-23,30696,10355,10674,51725,30237,8842,9319,48398
2023-08-24,30161,11433,12802,54396,31521,8863,9490,49874
2023-08-25,30455,9972,13375,53802,32667,9423,9963,52053
2023-08-26,34538,9833,12254,56625,30050,10056,10431,50537
2023-08-27,39656,8331,9741,57728,27120,10309,13422,50851
2023-08-28,37403,8035,10346,55784,23782,8776,13775,46333
2023-08-29,35712,6805,8721,51238,20919,9072,11287,41278
2023-08-30,35539,6387,9328,51254,21819,8119,9800,39738
2023-08-31,34218,6968,11895,53081,27985,9052,10421,47458
2023-09-01,6434,1995,4885,13314,12631,2236,3133,18000
2023-09-02,20485,3888,9621,33994,17227,4108,8726,30061
2023-09-03,38551,7534,13640,59725,29696,8181,13679,51556
2023-09-04,25104,7747,13562,46413,24421,6028,10505,40954
2023-09-05,21009,6815,13623,41447,23256,5736,9377,38369
2023-09-06,19375,6115,11619,37109,23934,6173,9454,39561
2023-09-07,18505,7126,11938,37569,26854,6151,10189,43194
2023-09-08,20635,7171,12085,39891,27792,7223,12607,47622
2023-09-09,24767,6573,11913,43253,24745,6404,14166,45315
2023-09-10,30686,6525,11039,48250,24273,8124,14915,47312
2023-09-11,26799,7877,11036,45712,21947,6198,11450,39595
2023-09-12,23618,6425,9724,39767,20815,6058,10092,36965
2023-09-13,20446,6493,10696,37635,23443,6017,9322,38782
2023-09-14,20299,7057,12973,40329,26944,6456,9851,43251
2023-09-15,21772,7155,15124,44051,29700,7420,10747,47867
2023-09-16,23064,7078,16508,46650,26775,6354,10908,44037
2023-09-17,30245,7695,15366,53306,23690,8470,14621,46781
2023-09-18,27269,7913,14272,49454,21918,6570,13179,41667
2023-09-19,23477,6900,14344,44721,21080,6456,11719,39255
2023-09-20,21981,7262,13153,42396,23701,6597,9960,40258
2023-09-21,20120,7992,13948,42060,27671,6946,11327,45944
2023-09-22,22038,7345,13334,42717,28072,8365,13291,49728
2023-09-23,24195,8117,12530,44842,24955,8882,16443,50280
2023-09-24,31800,7542,10495,49837,22343,9530,18615,50488
2023-09-25,27288,7169,9588,44045,19962,7844,15913,43719
2023-09-26,24276,6603,8742,39621,20244,11579,13541,45364
2023-09-27,23082,7895,10780,41757,23328,14471,11879,49678
2023-09-28,22217,9367,14146,45730,27189,18098,12176,57463
2023-09-29,19472,10744,13086,43302,34032,16384,9648,60064
2023-09-30,19131,10952,11050,41133,30486,14472,11537,56495
2023-10-01,24302,9691,8106,42099,19767,13546,15188,48501
2023-10-02,41014,6836,7024,54874,17657,12966,13221,43844
2023-10-03,30253,10669,8509,49431,17452,12166,11382,41000
2023-10-04,23724,17404,11104,52232,19253,11628,8668,39549
2023-10-05,18140,24805,11780,54725,21849,10906,7739,40494
2023-10-06,15640,26785,14254,56679,25111,9773,7973,42857
2023-10-07,20087,17238,17340,54665,22623,7292,8191,38106
2023-10-08,24877,11925,14809,51611,20355,5258,9891,35504
2023-10-09,25629,11694,14644,51967,21050,5549,14075,40674
2023-10-10,22259,8040,14020,44319,21069,4842,14863,40774
2023-10-11,20500,7046,15813,43359,24260,4383,10486,39129
2023-10-12,19525,7395,18705,45625,27723,4985,10554,43262
2023-10-13,21013,6743,18944,46700,31471,5052,11168,47691
2023-10-14,23657,6629,17547,47833,29791,5824,13902,49517
2023-10-15,31351,6516,15586,53453,26771,7004,17844,51619
2023-10-16,27221,6600,14823,48644,26057,5374,14935,46366
2023-10-17,24767,5746,12906,43419,23512,5010,13548,42070
2023-10-18,23731,6517,14328,44576,29422,4962,13611,47995
2023-10-19,24194,7090,17346,48630,35982,5093,14025,55100
2023-10-20,26976,7098,18230,52304,43454,4964,12620,61038
2023-10-21,26306,6721,17891,50918,41321,4901,13504,59726
2023-10-22,32986,5575,14273,52834,33443,6599,17043,57085
2023-10-23,44012,5883,11442,61337,27735,5656,17347,50738
2023-10-24,37894,5664,12568,56126,24572,5211,15264,45047
2023-10-25,31366,6966,15500,53832,24553,4988,12873,42414
2023-10-26,27844,7690,18806,54340,26774,6805,13563,47142
2023-10-27,30029,6742,19482,56253,28744,6101,14880,49725
2023-10-28,34374,5938,16184,56496,25240,5916,16099,47255
2023-10-29,42145,6017,14850,63012,23434,7239,20158,50831
2023-10-30,33445,6698,15793,55936,20704,6513,17500,44717
2023-10-31,28347,5553,14692,48592,19750,5628,15994,41372
2023-11-01,23106,5839,17420,46365,25371,4879,14241,44491
2023-11-02,21600,6801,19381,47782,27374,5027,15547,47948
2023-11-03,22466,6921,18777,48164,30458,5893,16105,52456
2023-11-04,24508,5958,15954,46420,27197,5776,18331,51304
2023-11-05,32815,6009,14095,52919,24816,7334,22667,54817
2023-11-06,28983,6692,14944,50619,23974,5890,18384,48248
2023-11-07,24776,6080,14140,44996,21555,5097,15157,41809
2023-11-08,24037,6844,15675,46556,25594,5180,13614,44388
2023-11-09,21831,6779,17934,46544,29534,4936,13345,47815
2023-11-10,25355,7481,19469,52305,32925,6167,14719,53811
2023-11-11,25947,6642,18569,51158,29323,6445,16021,51789
2023-11-12,35824,7066,16238,59128,27661,7634,20297,55592
2023-11-13,29286,7737,18942,55965,24590,5925,17591,48106
2023-11-14,26317,6992,18959,52268,22283,5105,15605,42993
2023-11-15,24699,6562,17420,48681,27163,5471,14468,47102
2023-11-16,23658,7020,18940,49618,29752,6421,15960,52133
2023-11-17,27108,8040,19920,55068,32684,7008,18924,58616
2023-11-18,28825,7504,18461,54790,29182,6095,20930,56207
2023-11-19,36098,7661,15264,59023,27629,7773,22397,57799
2023-11-20,31921,7878,15598,55397,25242,6062,18836,50140
2023-11-21,27266,6607,14224,48097,22445,5864,16508,44817
2023-11-22,24692,7116,17692,49500,26840,5876,14787,47503
2023-11-23,22663,8120,22123,52906,30243,7017,14453,51713
2023-11-24,26174,8851,20132,55157,32858,6261,15203,54322
2023-11-25,28072,7133,19258,54463,28285,6725,18332,53342
2023-11-26,36579,7030,16198,59807,24345,8586,24336,57267
2023-11-27,31648,6978,15558,54184,24492,6497,20235,51224
2023-11-28,28415,6618,14297,49330,22048,5692,17225,44965
2023-11-29,25547,7285,16034,48866,24251,5328,15607,45186
2023-11-30,26534,8596,18331,53461,28179,6086,16119,50384
2023-12-01,26341,9150,19585,55076,32765,6793,14458,54016
2023-12-02,25662,7615,19047,52324,28666,6647,16256,51569
2023-12-03,32852,7089,16202,56143,25897,8918,21124,55939
2023-12-04,28788,7099,16063,51950,25080,6762,17674,49516
2023-12-05,26099,6301,15548,47948,22063,6068,18099,46230
2023-12-06,24137,7487,16217,47841,24732,6029,15296,46057
2023-12-07,24307,8038,19887,52232,30018,6265,15403,51686
2023-12-08,25974,8177,21979,56130,34911,6688,15539,57138
2023-12-09,26540,7858,20223,54621,31438,6509,18217,56164
2023-12-10,33538,9091,16100,58729,25894,8147,23016,57057
2023-12-11,34339,8245,14828,57412,24695,6283,20773,51751
2023-12-12,27256,7023,13653,47932,24380,5793,17893,48066
2023-12-13,25998,8516,15125,49639,28228,5880,15201,49309
2023-12-14,24045,9593,17832,51470,33850,6646,14658,55154
2023-12-15,26515,10080,19679,56274,42655,7203,14204,64062
2023-12-16,28719,9466,20593,58778,41573,6747,15017,63337
2023-12-17,34137,8924,17271,60332,35055,9002,19672,63729
2023-12-18,30491,8959,16624,56074,32240,7299,18390,57929
2023-12-19,27604,7482,14126,49212,34354,6612,18754,59720
2023-12-20,27385,7843,16123,51351,43280,6032,17197,66509
2023-12-21,27359,8892,19119,55370,53031,5639,13931,72601
2023-12-22,26002,10671,23867,60540,62496,4497,11459,78452
2023-12-23,26323,10697,27555,64575,60449,4123,11604,76176
2023-12-24,25635,7331,22560,55526,44507,6719,14920,66146
2023-12-25,30783,6998,20491,58272,33244,6654,17880,57778
2023-12-26,47795,5423,18787,72005,36226,7091,20035,63352
2023-12-27,44231,6525,20488,71244,32681,6023,19592,58296
2023-12-28,38178,7272,22689,68139,30539,6340,18839,55718
2023-12-29,35657,9403,25708,70768,30471,8070,19384,57925
2023-12-30,40884,8817,24382,74083,27553,7546,21857,56956
2023-12-31,50226,4912,14493,69631,20485,5862,19225,45572
2024-01-01,59647,4851,10011,74509,19330,11546,30575,61451
2024-01-02,47450,6715,13580,67745,23922,7870,27863,59655
2024-01-03,36822,7505,16242,60569,24330,6400,22206,52936
2024-01-04,30057,6704,17216,53977,25699,5186,16894,47779
2024-01-05,29506,7050,17919,54475,28070,6348,16889,51307
2024-01-06,33311,7237,16273,56821,25796,6035,18362,50193
2024-01-07,38936,7287,14987,61210,24984,8645,21244,54873
2024-01-08,29348,7256,16265,52869,24500,6832,17871,49203
2024-01-09,24998,5995,14655,45648,22197,6280,15204,43681
2024-01-10,23985,6741,15272,45998,24528,6549,15198,46275
2024-01-11,22164,7499,16891,46554,26278,6574,15241,48093
2024-01-12,23898,8960,17735,50593,29083,7510,17099,53692
2024-01-13,26255,8390,17994,52639,25521,7021,15709,48251
2024-01-14,34095,8248,16421,58764,22824,9676,20798,53298
2024-01-15,29107,9368,16505,54980,22291,7710,16582,46583
2024-01-16,24117,8093,15456,47666,19570,7356,16245,43171
2024-01-17,23696,9221,16488,49405,21744,7451,14819,44014
2024-01-18,20882,9047,18415,48344,24780,7703,14516,46999
2024-01-19,22969,11114,20191,54274,27882,9014,16351,53247
2024-01-20,24648,11701,18384,54733,24496,9997,16940,51433
2024-01-21,31279,11386,16040,58705,21015,12401,21758,55174
2024-01-22,25297,11228,16100,52625,20962,10873,18343,50178
2024-01-23,22507,11229,15154,48890,18135,10875,16499,45509
2024-01-24,21041,11189,16145,48375,21068,11122,15365,47555
2024-01-25,19078,11639,19263,49980,24450,11302,15163,50915
2024-01-26,20852,12240,20472,53564,26917,12719,16624,56260
2024-01-27,22095,14187,17753,54035,23847,13492,17588,54927
2024-01-28,29198,13870,14748,57816,20933,14526,23558,59017
2024-01-29,24559,14146,13733,52438,18904,12354,19378,50636
2024-01-30,22043,13190,11701,46934,17291,13385,17708,48384
2024-01-31,21509,13281,12477,47267,20871,14432,16116,51419
2024-02-01,18194,14040,16160,48394,23631,15274,13946,52851
2024-02-02,18736,13773,15503,48012,27824,16281,15089,59194
2024-02-03,20656,15056,14602,50314,28387,15829,15692,59908
2024-02-04,25238,15129,11621,51988,23120,15615,20260,58995
2024-02-05,22011,14846,9840,46697,21708,16750,16177,54635
2024-02-06,19840,15618,9118,44576,33375,15615,13812,62802
2024-02-07,21152,17138,12223,50513,46023,11561,10981,68565
2024-02-08,22902,17444,16448,56794,50573,9516,9205,69294
2024-02-09,18425,13191,17586,49202,60485,5942,6781,73208
2024-02-10,15659,15127,17116,47902,49687,7223,7481,64391
2024-02-11,17292,17937,13100,48329,39349,10866,11911,62126
2024-02-12,26994,17682,10993,55669,34397,12898,15258,62553
2024-02-13,45037,12699,8336,66072,31605,14318,15111,61034
2024-02-14,42578,14947,10141,67666,26422,15187,14298,55907
2024-02-15,40851,17636,12223,70710,28570,15004,12165,55739
2024-02-16,45486,17689,12528,75703,25739,14913,11039,51691
2024-02-17,54467,13446,10800,78713,25552,13418,12065,51035
2024-02-18,61938,9532,10526,81996,25125,12544,13949,51618
2024-02-19,43974,15547,13852,73373,21866,10541,9612,42019
